D = [0.1499063601259029, -0.24519378818616738, 0.004251606123695039, 0.0058824582778174974, 0.0]
K = [617.4818005973715, 0.0, 337.1644172850352, 0.0, 616.891893518135, 248.4229083666706, 0.0, 0.0, 1.0]
R = [1.0, 0.0, 0.0, 0.0, 1.0, 0.0, 0.0, 0.0, 1.0]
P = [631.4856567382812, 0.0, 339.8766219523204, 0.0, 0.0, 632.53955078125, 249.60597194862203, 0.0, 0.0, 0.0, 1.0, 0.0]
None
# oST version 5.0 parameters


[image]

width
640

height
480

[narrow_stereo]

camera matrix
617.481801 0.000000 337.164417
0.000000 616.891894 248.422908
0.000000 0.000000 1.000000

distortion
0.149906 -0.245194 0.004252 0.005882 0.000000

rectification
1.000000 0.000000 0.000000
0.000000 1.000000 0.000000
0.000000 0.000000 1.000000

projection
631.485657 0.000000 339.876622 0.000000
0.000000 632.539551 249.605972 0.000000
0.000000 0.000000 1.000000 0.000000